18.140589569160998
22.675736961451246
39.68253968253968
41.950113378684804
48.75283446712018
58.95691609977324
64.62585034013605
66.89342403628117
70.29478458049887
72.56235827664399
78.23129251700679
89.56916099773241
91.83673469387756
92.97052154195012
96.3718820861678
98.63945578231292
117.91383219954648
121.31519274376416
125.85034013605443
141.7233560090703
149.65986394557822
162.13151927437644
171.20181405895693
174.60317460317464
176.87074829931973
179.13832199546482
181.40589569160997
243.7641723356009
267.5736961451247
268.7074829931973
273.24263038548753
274.3764172335601
282.312925170068
290.24943310657596
301.58730158730157
302.72108843537416
304.9886621315192
341.26984126984127
350.34013605442175
353.74149659863946
354.87528344671205
366.21315192743765
368.48072562358277
370.74829931972783
375.28344671201813
392.29024943310657
393.42403628117916
431.97278911564626
433.1065759637188
436.50793650793645
437.64172335600904
438.7755102040816
446.71201814058963
467.1201814058957
479.5918367346939
481.8594104308389
486.3945578231292
488.6621315192744
490.9297052154195
495.4648526077097
507.9365079365079
526.0770975056689
529.4784580498866
540.8163265306122
543.0839002267574
548.7528344671202
549.8866213151928
551.0204081632653
553.2879818594104
555.5555555555555
557.8231292517007
560.0907029478458
561.2244897959183
578.2312925170068
600.907029478458
604.3083900226758
613.3786848072561
615.6462585034013
619.047619047619
623.5827664399093
634.9206349206348
636.0544217687075
641.7233560090704
649.6598639455782
655.3287981859411
662.1315192743764
681.4058956916099
682.5396825396825
702.9478458049886
714.2857142857142
719.9546485260771
722.2222222222223
730.1587301587301
732.4263038548753
733.560090702948
734.6938775510205
738.0952380952381
769.8412698412699
776.6439909297051
782.3129251700681
790.2494331065759
791.3832199546484
793.6507936507937
795.9183673469387
797.0521541950113
800.453514739229
809.5238095238095
823.1292517006805
835.6009070294785
841.2698412698412
850.3401360544217
852.6077097505669
859.4104308390023
861.6780045351475
868.4807256235829
875.2834467120181
884.3537414965987
885.4875283446711
908.1632653061223
913.8321995464853
922.9024943310657
924.0362811791384
926.3038548752834
931.9727891156463
934.2403628117914
935.3741496598639
950.1133786848072
958.0498866213151
965.986394557823
967.1201814058958
969.3877551020408
971.655328798186
998.8662131519275
1004.5351473922904
1005.6689342403628
1011.3378684807255
1012.4716553287982
1017.0068027210885
1028.344671201814
1029.4784580498867
1036.281179138322
1039.6825396825398
1047.6190476190477
1049.8866213151928
1055.5555555555557
1058.9569160997733
1065.7596371882087
1070.2947845804988
1071.4285714285713
1073.6961451247166
1088.4353741496598
1096.3718820861677
1105.4421768707484
1111.111111111111
1119.047619047619
1123.5827664399094
1128.1179138321995
1132.6530612244896
1133.7868480725624
1138.3219954648525
1256.235827664399
1258.5034013605443
1323.1292517006805
1331.0657596371882
1351.4739229024942
1354.875283446712
1416.0997732426304
1441.0430839002265
1444.4444444444446
1522.675736961451
1523.8095238095239
1547.6190476190477
1556.689342403628
1565.7596371882084
1578.2312925170068
1583.9002267573696
1606.5759637188207
1619.047619047619
1622.4489795918366
1634.920634920635
1650.7936507936506
1733.5600907029475
1736.9614512471658
1738.095238095238
1743.764172335601
1778.9115646258501
1787.9818594104308
1797.0521541950116
1801.5873015873015
1807.2562358276646
1815.1927437641723
1821.9954648526077
1841.269841269841
1842.4036281179137
1865.079365079365
1867.3469387755104
1893.4240362811793
1928.5714285714284
1967.120181405896
2002.2675736961448
2003.4013605442174
2006.8027210884352
2015.8730158730157
2019.2743764172335
2022.675736961451
2032.879818594104
2039.6825396825395
2040.816326530612
2045.3514739229024
2047.6190476190477
2048.75283446712
2049.8866213151928
2055.5555555555557
2060.090702947846
2070.294784580499
2081.6326530612246
2102.0408163265306
2113.378684807256
2233.5600907029475
2235.827664399093
2243.764172335601
2247.165532879819
2250.566893424036
2251.700680272109
2256.235827664399
2266.4399092970516
2285.714285714286
2320.861678004535
2321.9954648526077
2326.530612244898
2337.8684807256236
2342.4036281179137
2379.8185941043084
2394.5578231292516
2400.2267573696145
2411.5646258503402
2414.9659863945576
2431.9727891156463
2443.310657596372
2444.4444444444443
2452.3809523809523
2458.049886621315
2460.3174603174607
2461.451247165533
2462.5850340136053
2464.8526077097504
2582.766439909297
2640.5895691609976
2641.7233560090704
2664.3990929705215
2667.8004535147393
2681.4058956916097
2692.7437641723354
2696.1451247165533
2705.2154195011335
2707.482993197279
2725.6235827664395
2744.8979591836733
2958.049886621315
2987.528344671202
3117.9138321995465
3416.0997732426304
3732.4263038548747
3735.827664399093
3913.832199546485
4032.8798185941037
4103.174603174603
4316.326530612245
4606.57596371882
4672.335600907029
4681.40589569161
4713.1519274376415
4859.410430839002
4883.219954648526
4938.775510204081
4955.78231292517
4970.521541950113
4973.9229024943315
5002.2675736961455
5007.936507936507
5023.809523809524
5043.083900226758
5053.28798185941
5086.167800453514
5091.836734693878
5098.639455782312
5104.308390022676
5125.850340136054
5126.984126984127
5154.195011337869
5155.328798185941
5185.9410430839
5187.074829931973
5196.145124716553
5204.081632653061
5208.616780045351
5210.884353741496
5231.292517006803
5232.426303854874
5235.827664399093
5241.496598639455
5255.102040816327
5258.503401360545
5264.172335600906
5293.650793650794
5302.721088435374
5323.12925170068
5327.6643990929715
5334.467120181406
5365.079365079365
5369.614512471655
5371.8820861678
5373.015873015873
5374.149659863946
5396.825396825397
5401.360544217687
5410.430839002267
5414.965986394558
5443.310657596372
5444.444444444444
5446.712018140589
5462.585034013605
5487.528344671202
5488.662131519275
5494.331065759638
5513.6054421768695
5520.408163265306
5534.013605442177
5536.281179138323
5560.090702947846
5573.696145124715
5577.097505668935
5580.498866213152
5583.90022675737
5603.174603174603
5604.308390022676
5611.111111111111
5621.315192743764
5626.984126984127
5628.1179138322
5631.519274376416
5653.061224489797
5658.730158730159
5672.3356009070285
5675.736961451247
5699.546485260771
5706.349206349206
5713.151927437641
5718.820861678005
5726.757369614512
5733.560090702948
5740.362811791383
5748.29931972789
5760.770975056689
5761.9047619047615
5812.925170068027
5825.396825396825
5844.671201814059
5846.938775510203
5850.340136054421
5851.473922902494
5862.811791383219
5868.480725623584
5874.149659863946
5882.086167800453
5891.156462585033
5895.691609977324
5897.959183673469
5899.092970521542
5907.029478458049
5913.832199546485
5928.571428571429
5930.839002267574
5933.106575963719
5982.993197278911
5994.331065759638
5997.7324263038545
6005.668934240362
6020.408163265306
6028.344671201814
6029.478458049887
6049.886621315192
6063.492063492063
6068.027210884355
6088.43537414966
6095.238095238095
6116.780045351474
6117.913832199547
6131.519274376416
6136.0544217687075
6137.188208616781
6141.72335600907
6142.857142857143
6150.79365079365
6155.328798185941
6160.997732426304
6162.131519274376
6166.666666666666
6168.9342403628125
6170.068027210884
6172.3356009070285
6174.603174603175
6180.272108843537
6200.680272108843
6201.814058956916
6206.349206349206
6208.616780045351
6214.285714285714
6217.6870748299325
6221.088435374149
6222.222222222222
6233.560090702948
6238.0952380952385
6240.362811791383
6241.496598639455
6242.630385487529
6243.764172335601
6244.897959183673
6251.700680272108
6259.637188208617
6281.179138321995
6290.249433106575
6291.383219954649
6299.319727891157
6301.587301587301
6304.988662131519
6306.122448979591
6307.256235827664
